{
	"metadata": {
		"version": 4.3,
		"type": "Object",
		"generator": "ObjectExporter"
	},
	"geometries": [
		{
			"uuid": "1B91C2BA-2C24-4FE5-923E-136E69282993",
			"type": "PlaneGeometry",
			"width": 800,
			"height": 800,
			"widthSegments": 1,
			"heightSegments": 1
		},
		{
			"uuid": "79E25EC7-F71E-487E-AB57-1FC5A9CA44B4",
			"type": "PlaneGeometry",
			"width": 800,
			"height": 200,
			"widthSegments": 1,
			"heightSegments": 1
		},
		{
			"uuid": "92DA0A29-B96E-4EE4-9808-B904D648F060",
			"type": "PlaneGeometry",
			"width": 800,
			"height": 200,
			"widthSegments": 1,
			"heightSegments": 1
		},
		{
			"uuid": "859A380A-CBF2-4184-BBCA-3729C47AA0FB",
			"type": "PlaneGeometry",
			"width": 142,
			"height": 74,
			"widthSegments": 1,
			"heightSegments": 1
		},
		{
			"uuid": "DE776C06-971D-4B30-B88E-E1F523B40A1F",
			"type": "PlaneGeometry",
			"width": 141,
			"height": 14,
			"widthSegments": 1,
			"heightSegments": 1
		},
		{
			"uuid": "9D1FF47E-F2AE-42F9-B440-78F627343F91",
			"type": "PlaneGeometry",
			"width": 157,
			"height": 74,
			"widthSegments": 1,
			"heightSegments": 1
		},
		{
			"uuid": "DB32468E-CA1C-473D-B89F-E50AC7C0AC15",
			"type": "PlaneGeometry",
			"width": 315,
			"height": 82,
			"widthSegments": 1,
			"heightSegments": 1
		},
		{
			"uuid": "0EC77129-CA2C-44AC-80D5-51E990B7F801",
			"type": "PlaneGeometry",
			"width": 315,
			"height": 82,
			"widthSegments": 1,
			"heightSegments": 1
		},
		{
			"uuid": "469DCCE5-C2DF-4251-A262-132A4AAE98A1",
			"type": "PlaneGeometry",
			"width": 155,
			"height": 256,
			"widthSegments": 1,
			"heightSegments": 1
		},
		{
			"uuid": "1CB78E9D-A15A-4C91-9685-B5FF26DDBA2B",
			"type": "PlaneGeometry",
			"width": 140,
			"height": 59,
			"widthSegments": 1,
			"heightSegments": 1
		}],
	"materials": [
		{
			"uuid": "425C5037-AE16-4E4E-9443-A1A016E10C96",
			"type": "MeshPhongMaterial",
			"color": 13355979,
			"ambient": 16777215,
			"emissive": 13355979,
			"specular": 1118481,
			"shininess": 30,
			"side": 2,
			"opacity": 1,
			"transparent": false,
			"wireframe": true
		},
		{
			"uuid": "1907CD39-40BB-46DD-9FC5-485AC8B5769C",
			"type": "MeshPhongMaterial",
			"color": 13355979,
			"ambient": 16777215,
			"emissive": 13355979,
			"specular": 1118481,
			"shininess": 30,
			"side": 2,
			"opacity": 1,
			"transparent": false,
			"wireframe": true
		},
		{
			"uuid": "54E60B59-3194-435C-AEF8-00A3A9E08BB0",
			"type": "MeshPhongMaterial",
			"color": 13355979,
			"ambient": 16777215,
			"emissive": 13355979,
			"specular": 1118481,
			"shininess": 30,
			"side": 2,
			"opacity": 1,
			"transparent": false,
			"wireframe": true
		},
		{
			"uuid": "01049DB4-42BC-40BE-8050-54A1B2125E90",
			"type": "SpriteMaterial",
			"color": 16721408,
			"opacity": 1,
			"transparent": false
		},
		{
			"uuid": "C3CE65F5-984D-4F67-BC7F-78A87B9582D3",
			"type": "SpriteMaterial",
			"color": 16721408,
			"opacity": 1,
			"transparent": false
		},
		{
			"uuid": "374B8D90-FF05-4AD8-B665-8FE9F8B259BF",
			"type": "SpriteMaterial",
			"color": 16728319,
			"opacity": 1,
			"transparent": false
		},
		{
			"uuid": "C1E18CED-B1B6-4C9A-9EF9-36F3BB889BF0",
			"type": "MeshPhongMaterial",
			"color": 16721664,
			"ambient": 16777215,
			"emissive": 16777215,
			"specular": 1118481,
			"shininess": 30,
			"side": 2,
			"opacity": 1,
			"transparent": true,
			"wireframe": false
		},
		{
			"uuid": "BEC0A1E0-7E70-4F27-B84A-EAE4F753F45E",
			"type": "MeshPhongMaterial",
			"color": 16721408,
			"ambient": 16777215,
			"emissive": 16777215,
			"specular": 1118481,
			"shininess": 30,
			"opacity": 1,
			"transparent": true,
			"wireframe": false
		},
		{
			"uuid": "B39879AE-7B4A-4B8A-A69F-D295861C4F11",
			"type": "MeshPhongMaterial",
			"color": 16777215,
			"ambient": 16777215,
			"emissive": 16777215,
			"specular": 1118481,
			"shininess": 30,
			"side": 2,
			"opacity": 1,
			"transparent": true,
			"wireframe": false
		},
		{
			"uuid": "AA7F8DB7-EE80-4CCD-AD89-B5F3C8EB344F",
			"type": "MeshPhongMaterial",
			"color": 16749312,
			"ambient": 16777215,
			"emissive": 16777215,
			"specular": 0,
			"shininess": 30,
			"side": 2,
			"opacity": 1,
			"transparent": true,
			"wireframe": false
		},
		{
			"uuid": "13B7F837-2D4F-4448-9D85-066E1F902385",
			"type": "MeshPhongMaterial",
			"color": 16749312,
			"ambient": 16777215,
			"emissive": 16777215,
			"specular": 0,
			"shininess": 30,
			"side": 2,
			"opacity": 1,
			"transparent": true,
			"wireframe": false
		},
		{
			"uuid": "A141EAD2-7A5E-4630-AE4A-169E8B4054B2",
			"type": "MeshPhongMaterial",
			"color": 16770816,
			"ambient": 16777215,
			"emissive": 16777215,
			"specular": 1118481,
			"shininess": 30,
			"side": 2,
			"opacity": 1,
			"transparent": true,
			"wireframe": false
		},
		{
			"uuid": "61B72D3D-9144-439E-84C7-9CDFED662467",
			"type": "MeshPhongMaterial",
			"color": 16721664,
			"ambient": 16777215,
			"emissive": 16777215,
			"specular": 1118481,
			"shininess": 30,
			"side": 2,
			"opacity": 1,
			"transparent": true,
			"wireframe": false
		}],
	"object": {
		"uuid": "2F179DB2-661E-44D9-9765-94CBA2BCE526",
		"type": "Scene",
		"matrix": [1,0,0,0,0,1,0,0,0,0,1,0,0,0,0,1],
		"children": [
			{
				"uuid": "59674470-7707-4C0D-BB0D-493061E71316",
				"name": "floor",
				"type": "Mesh",
				"geometry": "1B91C2BA-2C24-4FE5-923E-136E69282993",
				"material": "425C5037-AE16-4E4E-9443-A1A016E10C96",
				"matrix": [1,0,0,0,0,0.0007960991933941841,-0.9999997019767761,0,0,0.9999997019767761,0.0007960991933941841,0,0,-25,0,1]
			},
			{
				"uuid": "AB7DE205-8C87-481B-8886-94EBA6186A69",
				"name": "Plane 2",
				"type": "Mesh",
				"geometry": "79E25EC7-F71E-487E-AB57-1FC5A9CA44B4",
				"material": "1907CD39-40BB-46DD-9FC5-485AC8B5769C",
				"matrix": [1,0,0,0,0,1,0,0,0,0,1,0,0,75,-400,1]
			},
			{
				"uuid": "89E83BF1-1D1C-4C90-B123-6EBC9104C636",
				"name": "Plane 2",
				"type": "Mesh",
				"geometry": "79E25EC7-F71E-487E-AB57-1FC5A9CA44B4",
				"material": "1907CD39-40BB-46DD-9FC5-485AC8B5769C",
				"matrix": [1,0,0,0,0,1,0,0,0,0,1,0,0,75,400,1]
			},
			{
				"uuid": "45D47963-C2FF-4FDE-B3FD-FCF8A1AD2B6E",
				"name": "Plane 3",
				"type": "Mesh",
				"geometry": "92DA0A29-B96E-4EE4-9808-B904D648F060",
				"material": "54E60B59-3194-435C-AEF8-00A3A9E08BB0",
				"matrix": [0.0007961748051457107,0,-0.9999997019767761,0,0,1,0,0,0.9999997019767761,0,0.0007961748051457107,0,400,75,0,1]
			},
			{
				"uuid": "FAFDF0A4-F307-43F4-983D-FEBCB5694A06",
				"name": "Plane 3",
				"type": "Mesh",
				"geometry": "92DA0A29-B96E-4EE4-9808-B904D648F060",
				"material": "54E60B59-3194-435C-AEF8-00A3A9E08BB0",
				"matrix": [0.0007961748051457107,0,-0.9999997019767761,0,0,1,0,0,0.9999997019767761,0,0.0007961748051457107,0,-400,75,0,1]
			},
			{
				"uuid": "3915BBFB-F061-4569-99B7-4F7A7F51C524",
				"name": "tracker-door",
				"type": "Sprite",
				"material": "01049DB4-42BC-40BE-8050-54A1B2125E90",
				"matrix": [10,0,0,0,0,10,0,0,0,0,10,0,400,60,-200,1]
			},
			{
				"uuid": "175A359F-23EF-48D5-AE31-BA5AD5A4A302",
				"name": "tracker-bed",
				"type": "Sprite",
				"material": "C3CE65F5-984D-4F67-BC7F-78A87B9582D3",
				"matrix": [10,0,0,0,0,10,0,0,0,0,10,0,0,96.98204040527344,0,1]
			},
			{
				"uuid": "DEAF5B50-1F70-4A69-8E35-7DB454E354E8",
				"name": "tracker-wall-4",
				"type": "Sprite",
				"material": "374B8D90-FF05-4AD8-B665-8FE9F8B259BF",
				"matrix": [10,0,0,0,0,10,0,0,0,0,10,0,0,70,-380,1]
			},
			{
				"uuid": "2F816B67-176C-420F-A1C9-AD4B8BC68AA3",
				"name": "tracker-wall-2",
				"type": "Sprite",
				"material": "374B8D90-FF05-4AD8-B665-8FE9F8B259BF",
				"matrix": [10,0,0,0,0,10,0,0,0,0,10,0,0,70,380,1]
			},
			{
				"uuid": "489A0615-C6D8-463C-BE1D-D1FD043A5A4D",
				"name": "tracker-wall-3",
				"type": "Sprite",
				"material": "374B8D90-FF05-4AD8-B665-8FE9F8B259BF",
				"matrix": [10,0,0,0,0,10,0,0,0,0,10,0,-380,75,0,1]
			},
			{
				"uuid": "C2CB2658-A88C-48C5-BBD7-8D42304A4637",
				"name": "tracker-wall-1",
				"type": "Sprite",
				"material": "374B8D90-FF05-4AD8-B665-8FE9F8B259BF",
				"matrix": [10,0,0,0,0,10,0,0,0,0,10,0,380,75,0,1]
			},
			{
				"uuid": "467456D6-345E-4251-9468-02822C7B32DB",
				"name": "bed",
				"userData": {
					"shadable": true
				},
				"type": "Object3D",
				"matrix": [1,0,0,0,0,1,0,0,0,0,1,0,0,41.779998779296875,0,1],
				"children": [
					{
						"uuid": "24079F69-8DA9-4C43-AACD-37BE0E6DEF0E",
						"name": "head-front",
						"type": "Mesh",
						"geometry": "859A380A-CBF2-4184-BBCA-3729C47AA0FB",
						"material": "C1E18CED-B1B6-4C9A-9EF9-36F3BB889BF0",
						"matrix": [-0.00012624326336663216,-0.000010070471944345627,-1,0,-0.15853194892406464,0.9873538613319397,0.000010070471944345627,0,0.9873538613319397,0.15853194892406464,-0.00012624326336663216,0,-105.27188110351562,62.709999084472656,0,1]
					},
					{
						"uuid": "4AB1DC94-9954-4D53-9DFE-3B48E0A36871",
						"name": "head-top",
						"type": "Mesh",
						"geometry": "DE776C06-971D-4B30-B88E-E1F523B40A1F",
						"material": "BEC0A1E0-7E70-4F27-B84A-EAE4F753F45E",
						"matrix": [0.0006090642418712378,0.0013093340676277876,-0.9999989867210388,0,-0.7648419737815857,-0.6442166566848755,-0.0013093340676277876,0,-0.6442176699638367,0.7648419737815857,0.0006090642418712378,0,-115.94520568847656,94.56425476074219,0,1]
					},
					{
						"uuid": "F7A39DC9-6332-4320-877B-F08A42F7DD89",
						"name": "foot-front",
						"type": "Mesh",
						"geometry": "9D1FF47E-F2AE-42F9-B440-78F627343F91",
						"material": "B39879AE-7B4A-4B8A-A69F-D295861C4F11",
						"matrix": [0.00027365429559722543,0.000048496793169761077,0.9999999403953552,0,-0.3436456322669983,0.9390993714332581,0.000048496793169761077,0,-0.9390993714332581,-0.3436456322669983,0.00027365429559722543,0,133.99000549316406,-4.690000057220459,0,1]
					},
					{
						"uuid": "C63766F2-0528-4CEF-92DF-E097B0AAABDE",
						"name": "foot-back",
						"type": "Mesh",
						"geometry": "9D1FF47E-F2AE-42F9-B440-78F627343F91",
						"material": "B39879AE-7B4A-4B8A-A69F-D295861C4F11",
						"matrix": [0.00025864396593533456,-0.000043173637095605955,0.9999999403953552,0,0.3247961699962616,0.9457840323448181,-0.000043173637095605955,0,-0.9457839727401733,0.3247961699962616,0.00025864396593533456,0,-134.0800018310547,-4.690000057220459,0,1]
					},
					{
						"uuid": "4AD0DF95-96C8-4B54-B479-33C2E96F54ED",
						"name": "side-left",
						"type": "Mesh",
						"geometry": "DB32468E-CA1C-473D-B89F-E50AC7C0AC15",
						"material": "AA7F8DB7-EE80-4CCD-AD89-B5F3C8EB344F",
						"matrix": [1,0,0,0,0,1,0,0,0,0,2.5,0,0,0,72.12000274658203,1]
					},
					{
						"uuid": "0C8AEC91-A309-4AD1-996C-681E4C3C753B",
						"name": "side-right",
						"type": "Mesh",
						"geometry": "0EC77129-CA2C-44AC-80D5-51E990B7F801",
						"material": "13B7F837-2D4F-4448-9D85-066E1F902385",
						"matrix": [1,0,0,0,0,1,0,0,0,0,1,0,0,0,-73.30999755859375,1]
					},
					{
						"uuid": "DF2AC3C0-515E-4503-9F2A-79D87DE1E5F9",
						"name": "flat",
						"type": "Mesh",
						"geometry": "469DCCE5-C2DF-4251-A262-132A4AAE98A1",
						"material": "A141EAD2-7A5E-4630-AE4A-169E8B4054B2",
						"matrix": [0.0007963267271406949,0.0007963264361023903,0.9999993443489075,0,-0.9999997019767761,6.341362563944131e-7,0.0007963264361023903,0,5.551115123125783e-17,-0.9999997019767761,0.0007963267271406949,0,0,32.150001525878906,0,1]
					},
					{
						"uuid": "67CEE0BB-1E7E-4D54-A194-F423E7088C95",
						"name": "head-back",
						"type": "Mesh",
						"geometry": "1CB78E9D-A15A-4C91-9685-B5FF26DDBA2B",
						"material": "61B72D3D-9144-439E-84C7-9CDFED662467",
						"matrix": [0.00006427029438782483,-0.000002597814273030963,-1,0,0.08070842176675797,0.9967377781867981,0.000002597814273030963,0,0.9967377781867981,-0.08070842176675797,0.00006427029438782483,0,-123.74366760253906,61.171722412109375,0,1]
					}]
			}]
	}
}